1.010340 0.007057
1.471173 0.009490
2.264602 0.007887
3.194145 0.001926
4.889728 0.005735
5.837029 0.004986
6.548649 0.006160
7.869825 0.003670
8.707349 0.009121
9.139198 0.005541
10.976265 0.010412
11.040808 0.007449
12.024375 0.008185
12.728673 0.010265
13.455687 0.001774
14.814987 0.010967
15.724937 0.003286
16.521722 0.002000
17.558232 0.008849
18.550354 0.009643
19.590639 0.010245
20.599250 0.009519
21.584856 0.009654
22.613234 0.002998
23.603871 0.005235
24.553889 0.004821
25.573458 0.001826
26.559983 0.001532
27.542156 0.010298
28.572739 0.001818
29.598263 0.009395
