1.010340 0.007057
1.471173 0.009490
2.264602 0.007887
3.194145 0.001926
4.889728 0.005735
5.837029 0.004986
6.548649 0.006160
7.869825 0.003670
8.707349 0.009121
9.139198 0.005541
10.976265 0.010412
11.040808 0.007449
12.024375 0.008185
12.728673 0.010265
13.455687 0.001774
14.814987 0.010967
15.724937 0.003286
16.772538 0.006416
17.727551 0.006827
18.751060 0.002380
19.782500 0.008779
20.819965 0.008857
21.850166 0.007083
22.881724 0.008134
23.846723 0.006960
24.834084 0.002333
25.817305 0.010618
26.770584 0.004548
27.720919 0.010311
28.758919 0.003211
29.712113 0.007652
